
strategic_region={
	id=10
	name="South Lesc"
	provinces={
		9 436 481 504 509 630 673 688 715 809 816 895 919 977 1013 1166 1193 1273 1438 1446 1527 1757 1769 1892 1896 1905 1984 2035 2052 2056 2188 2360 2470 2486 2532 2577 2665 2684 2692 2710 2728 2735 2856 3027 3057 3122 3131 3134 3254 3291 3364 3854 3858 3874 3893 4046 4054 4214 4219 4308 4337 4354 4408 4436 4508 4654 4996 5028 5116 7159 7203 7218 7256 7260 7272 7275 7301 7302 7309 7336 7339 7349 7371 7373 7382 7388 7400 7406 7408 7424 7430 7443 7450 7481 7494 7529 7541 7553 7560 7581 7594 7624 7632 7633 7643 7657 7669 7673 7678 7698 7702 7722 7752 7765 7794 15751 15759 
	}
	weather={
	}
}
