
strategic_region={
	id=12
	name="East Nicollonia"
	provinces={
		203 267 625 682 742 966 1032 1033 1147 1150 1168 1278 1520 1782 1850 1932 2009 2076 2193 2430 2565 2651 2709 2736 2762 2837 2881 2906 2995 3051 3092 3113 3210 3407 3417 3453 3488 3517 3604 3748 3758 4000 4275 4281 4310 4400 4435 4570 4617 4660 4709 4724 4948 5018 7053 7059 7072 7076 7077 7104 7122 7132 7138 7147 7156 7173 7179 7207 7208 7231 7237 7264 7268 7279 7280 7285 7293 7294 7312 7313 7316 7320 7326 7330 7338 7340 7343 7374 7401 7403 7415 7425 7431 7435 7460 7461 7467 7476 7482 7486 7495 7496 7530 7539 7572 7582 7601 7602 7611 7616 7647 7688 7689 7693 7718 7732 7763 7804 7834 
	}
	weather={
	}
}
