
strategic_region={
	id=14
	name="North Alaric"
	provinces={
		31 116 349 405 467 502 654 763 827 876 927 1001 1316 1327 1372 1394 1468 1719 1775 1796 1829 1960 1986 2022 2045 2095 2239 2264 2620 2632 2743 2920 2929 2938 3060 3098 3213 3244 3272 3276 3294 3311 3332 3359 3371 3382 3445 3524 3817 3882 3908 3982 3993 4087 4105 4141 4169 4369 4520 4533 4553 4569 4607 4719 4770 4826 4842 4861 6857 6889 6893 6899 6901 6911 6915 6935 6940 6943 6945 6946 6952 6994 7001 7002 7003 7052 7064 7065 7071 7087 7096 7117 7133 7137 7144 7183 7196 7209 7223 7230 7236 7241 7267 7273 7298 7310 7311 7337 7350 7378 7413 
	}
	weather={
	}
}
