
strategic_region={
	id=18
	name="North Gengen"
	provinces={
		177 870 897 1204 1279 1367 1448 1463 2235 2321 2323 2452 2474 2637 2641 2818 2971 3169 3301 3459 3484 3685 3763 3808 3929 3976 4167 4250 4264 4270 4306 4442 4584 4608 4681 4782 4815 4855 4980 5012 5054 5101 8554 8566 8610 8617 8630 8673 8716 8757 8763 8778 8807 8837 8869 8886 8900 8916 8928 8952 8956 8959 8964 8994 8999 9005 9023 9024 9025 9039 9042 9052 9060 9075 9081 9094 9107 9113 9132 9140 9146 9164 9166 9219 9231 9233 9250 9268 9283 9289 
	}
	weather={
	}
}
