
strategic_region={
	id=19
	name="South Gengen"
	provinces={
		149 206 291 346 452 517 556 576 700 718 726 741 760 946 1044 1149 1274 1333 1337 1702 1711 1717 1735 1768 1852 1910 1969 2008 2046 2061 2114 2138 2176 2185 2256 2259 2260 2458 2558 2580 2587 2598 2600 2612 2647 2772 2982 3022 3042 3102 3226 3257 3258 3283 3351 3388 3400 3510 3560 3605 3617 3646 3691 3703 3719 3770 3791 3832 3868 3896 3957 3995 4008 4029 4090 4106 4125 4131 4217 4266 4326 4345 4355 4401 4412 4575 4591 4594 4659 4676 4898 4902 4977 5047 5086 8846 8893 8901 8906 8942 8950 8965 8972 8986 8997 9000 9009 9019 9026 9029 9030 9035 9036 9048 9053 9061 9066 9067 9071 9082 9083 9097 9109 9114 9118 9121 9125 9133 9134 9138 9141 9142 9143 9145 9154 9156 9157 9169 9175 9176 9181 9182 9183 9184 9187 9188 9195 9198 9207 9209 9211 9212 9213 9215 9217 9223 9226 9228 9232 9236 9237 9248 9252 9253 9257 9258 9259 9260 9261 9269 9273 9274 9277 9279 9280 9281 9286 9293 9294 9296 9303 9305 9307 9312 9313 9317 9321 9322 9326 9330 9331 9332 9340 9341 9343 9347 9351 9352 9358 9359 9360 9364 9372 9373 9375 9376 9378 9380 9386 9387 9389 9390 9394 9396 9400 9403 9406 9407 9408 9412 9416 9420 9422 9429 9430 9438 9440 
	}
	weather={
	}
}
