
strategic_region={
	id=2
	name="South Thiryn"
	provinces={
		152 158 312 505 592 605 679 723 846 995 1008 1283 1687 1901 2755 2770 2810 3050 3786 3891 3914 3939 4231 4257 4329 4372 4644 4744 4773 4793 4851 8600 8616 8626 8641 8660 8661 8672 8688 8689 8701 8706 8714 8715 8723 8731 8732 8737 8743 8750 8762 8775 8777 8783 8795 8806 8815 8820 8824 8828 8829 8856 8857 8858 8863 8875 8882 8883 8898 8899 8909 8915 8927 8934 8935 8941 8958 8963 8978 9008 9011 9028 9034 9047 9070 9077 9089 15780 
	}
	weather={
	}
}
