
strategic_region={
	id=22
	name="Northwest Montia"
	provinces={
		62 140 175 178 184 202 213 220 546 573 770 776 990 1115 1133 1195 1343 1427 1547 1610 1612 1657 1799 1886 1913 1947 2199 2326 2351 2398 2442 2538 2551 2564 2718 2801 3035 3046 3118 3292 3344 3348 3455 3535 3653 3780 3902 3952 3966 4251 4274 4280 4323 4421 4444 4503 4560 4583 4628 4713 4804 4928 5025 5098 5122 6361 6364 6365 6370 6395 6403 6432 6453 6457 6475 6494 6496 6507 6546 6567 6588 6590 6626 6653 6667 6701 6705 6706 6718 6724 6732 6733 6736 6739 6746 6760 6768 6776 6778 6832 6840 6842 6845 6860 6864 6878 6884 6892 6898 6913 6914 6921 6930 6931 6983 15738 
	}
	weather={
	}
}
