
strategic_region={
	id=23
	name="Northeast Montia"
	provinces={
		327 345 639 644 705 882 971 1030 1056 1113 1353 1499 1684 1697 1704 1863 1949 2019 2189 2263 2329 2334 2359 2384 2408 2693 2836 2956 2958 2967 3033 3077 3103 3441 3489 3587 3822 3841 3883 3943 4005 4144 4149 4194 4209 4244 4262 4303 4460 4738 4747 4866 4955 5046 5143 6581 6584 6609 6629 6654 6692 6697 6707 6713 6720 6734 6743 6747 6749 6750 6761 6772 6773 6783 6786 6787 6788 6806 6807 6813 6814 6815 6822 6823 6828 6830 6841 6849 6855 6861 6873 6874 6875 6883 6900 6923 
	}
	weather={
	}
}
