
strategic_region={
	id=3
	name="North Thiryn"
	provinces={
		211 756 799 874 912 1028 1175 1406 1532 1976 2012 2296 2507 2949 3024 3120 3161 3526 3569 3608 3710 3749 3790 4017 4095 4112 4202 4352 4387 4745 4863 4919 5060 5065 5121 8155 8156 8176 8197 8200 8206 8231 8261 8262 8281 8289 8309 8310 8318 8335 8351 8352 8361 8364 8382 8385 8394 8397 8403 8414 8432 8433 8438 8461 8468 8477 8482 8483 8489 8490 8500 8515 8522 8531 8536 8542 8553 8583 8608 8609 8615 8650 8682 15765 15768 15771 15772 
	}
	weather={
	}
}
