
strategic_region={
	id=36
	name="South Torronese"
	provinces={
		413 558 1317 1342 1494 1837 1904 1920 2080 2134 2225 2317 2394 2453 2731 2892 2933 3146 3468 3693 3705 3801 3912 3916 4075 4269 4289 4339 4476 4668 4688 4710 4760 4762 4768 9290 9306 9311 9318 9323 9327 9328 9333 9344 9348 9350 9353 9361 9367 9370 9379 9391 9401 9404 9409 9413 9414 9417 9418 9423 9425 9427 9433 9434 9441 9442 9445 9446 9448 9451 9453 9454 9456 9458 9459 9460 9461 9462 9465 9466 9467 9468 9470 9471 9472 9473 9474 9475 9476 9477 9478 9479 9480 9481 9482 9483 9484 9485 9486 9487 9488 
	}
	weather={
	}
}
