
strategic_region={
	id=37
	name="North Torronese"
	provinces={
		156 451 563 676 1007 1027 1314 1433 1974 2098 2243 2380 2880 3074 3188 3285 3435 3522 3553 3644 3687 3762 3794 3932 4020 4023 4061 4358 4470 4529 4632 4653 4705 4780 4805 4852 4910 4951 5001 5059 5063 5123 8808 8920 8966 9090 9098 9115 9126 9128 9129 9170 9177 9199 9204 9218 9220 9234 9238 9242 9262 9263 9270 9278 9299 9300 9309 9314 9325 9334 9335 9345 9362 9368 9369 9381 9383 9384 9385 9397 9402 9410 9411 9421 15785 
	}
	weather={
	}
}
