
strategic_region={
	id=41
	name="northeast Mion"
	provinces={
		207 512 969 1003 1107 1389 1422 1456 1754 1908 1936 2028 2242 2272 2333 2344 2439 2653 2654 2763 2779 2845 2869 2910 3002 3017 3121 3214 3310 3581 3651 3669 3721 3737 3814 3848 4013 4068 4092 4115 4133 4286 4346 4551 4615 4720 4753 4913 4952 4966 4991 4994 5166 5169 5171 5174 5175 5176 5177 5179 5181 5182 5185 5186 5187 5188 5189 5190 5193 5194 5197 5198 5200 5201 5202 5204 5205 5206 5207 5210 5212 5214 5216 5218 5220 5224 5225 5226 5227 5230 5231 5232 5234 5235 5237 5240 5242 5243 5244 5247 5248 5249 5250 5251 5252 5254 5255 5256 5257 5258 5263 5264 5265 5268 5269 5270 5277 5278 5279 5280 5286 5287 5295 5298 
	}
	weather={
	}
}
