
strategic_region={
	id=60
	name="Haisen Bay"
	provinces={
		535 984 2015 2424 3675 3910 4881 5027 5048 5217 5229 5233 5241 5261 5274 5288 5290 5301 5316 5328 5341 5342 5412 5445 9579 9828 9912 10224 10469 10684 10783 11027 11249 11276 11291 11876 11956 12188 12243 12296 12391 12472 12531 12661 12761 12960 13058 13314 13411 13558 13683 13702 13769 13863 14064 14253 14498 14538 14590 14793 14797 14801 14828 14836 14843 14844 14852 14855 14859 14861 14864 14870 14882 14897 14904 14914 14919 14931 14946 14956 
	}
	weather={
	}
}
