
strategic_region={
	id=61
	name="North Blutkrieger"
	provinces={
		68 618 863 1014 1065 1236 1318 1368 1447 1453 1733 1975 2216 2262 2294 2309 2343 2530 2616 2864 2870 2994 2996 3091 3147 3218 3322 3323 3324 3360 3428 3550 4035 4076 4098 4110 4222 4238 4480 4596 4686 4716 4737 4850 5032 5293 5296 5306 5312 5318 5319 5321 5330 5336 5337 5356 5363 5364 5376 5377 5394 5399 5402 5421 5433 5435 5453 5454 5459 5460 5463 5479 5485 5486 5487 5505 5516 5517 5519 5521 5522 5523 5524 5526 5537 5539 5544 5549 5550 5569 5570 5574 5579 5581 5585 5586 5592 5612 5613 5617 5653 5674 5698 5739 
	}
	weather={
	}
}
