
strategic_region={
	id=83
	name="East Novasovia"
	provinces={
		30 142 276 454 468 480 758 850 902 913 920 952 1023 1072 1083 1185 1249 1362 1400 1488 1500 1639 1641 1695 1826 2108 2200 2291 2354 2431 2438 2490 2537 2555 2671 2694 2707 2783 2789 2803 2867 2884 2908 2970 3063 3325 3589 3618 3894 4025 4082 4113 4162 4283 4433 4497 4592 4672 4703 5052 5091 5352 5374 5382 5405 5415 5446 5474 5483 5492 5506 5520 5531 5540 5563 5571 5587 5595 5596 5610 5626 5670 5678 5695 5696 5703 5706 5716 5717 5720 5737 5741 5743 5768 5773 5819 5830 5872 5905 5919 5951 5957 5958 5959 5969 5971 5984 5989 5999 6013 6027 
	}
	weather={
	}
}
