
strategic_region={
	id=84
	name="STRATEGICREGION_84"
	provinces={
		49 61 80 101 114 194 225 249 268 329 431 453 461 485 488 551 562 15748 580 602 660 663 690 789 832 833 880 958 988 1068 1076 1085 1158 1197 1208 1269 1376 1403 1460 1470 1517 1586 1664 1701 1736 1770 1813 1890 1922 1995 2005 2064 2090 2097 2177 2319 2382 2385 2413 2472 2521 2543 2544 2642 2792 2804 2846 2885 2965 2990 3001 3010 3032 3097 3184 3211 3217 3234 3315 3316 3336 3414 3456 3592 3823 3876 3895 3913 3940 4102 4107 4173 4181 4232 4258 4267 4288 4304 4319 4320 4375 4413 4492 4641 4650 4698 4704 4706 4746 4867 4875 4943 4987 5049 5062 6509 6529 6535 6536 6542 6557 6561 6569 6570 6574 6585 6599 6613 6620 6622 6631 6640 6644 6645 6651 6660 6661 6666 6670 6671 6674 6676 6680 6684 6700 6716 6751 6762 6765 6767 6769 6770 6779 6793 6795 6796 6797 6801 6803 6811 6816 6818 6819 6826 6833 6843 6846 6848 6850 6852 6862 6867 6870 6876 6887 6894 6896 6909 6916 6918 6922 6959 6960 6962 6986 7014 7045 7082 7088 7093 7102 7112 7125 7143 7151 7158 7166 7181 7187 15709 15739 15740 15743 15746 
	}
	weather={
	}
}
