1 3 4744 3891 8783 
1 5 8783 8731 3939 8641 3569 
1 8 8615 8650 8608 8609 158 8661 912 8531 
1 3 8531 912 8661 
1 3 1901 9047 9011 
1 2 8289 8262 
1 2 2012 4112 
1 3 4996 7698 7669 
1 3 7669 895 3122 
1 7 1896 7388 9 7382 2052 630 7408 
1 4 673 1896 7424 7450 
1 2 3134 7309 
1 2 7260 7302 
1 3 7302 7339 4354 
1 3 7183 7196 4569 
1 3 4569 4369 7137 
1 6 4842 4533 2239 3213 3311 7087 
1 5 7476 7460 2906 7482 7467 
1 4 7476 4617 4400 7582 
1 5 7476 1150 3488 4709 7340 
1 5 7340 7343 7326 7313 7330 
1 3 7340 4000 3748 
1 4 3748 7374 966 7315 
1 3 7374 3092 2644 
1 3 2644 1054 4725 
1 3 7340 7316 1168 
1 7 8016 8031 4962 839 8007 7971 8001 
1 7 8001 1594 4801 8103 3107 4430 8049 
1 3 8214 5114 8103 
1 2 8124 4801 
1 4 7763 682 7688 1932 
1 2 7132 7147 
1 2 8400 2915 
1 5 2915 8439 8485 4847 759 
1 3 3122 809 1527 
1 2 809 7450 
1 2 7309 9 
1 4 7560 7529 2856 7408 
1 2 9164 1448 
1 3 9233 9231 1448 
1 5 9233 3226 3042 9257 9258 
1 4 9258 3351 9217 3719 
1 3 3719 1149 1337 
1 6 1337 9061 9029 4125 8900 1044 
1 3 4608 9042 9075 
1 4 9075 9094 2235 9164 
1 6 4855 8763 4442 8837 4270 8900 
1 3 1717 9326 9347 
1 6 1717 576 4977 9237 346 1711 
1 5 9279 4355 3691 9341 9347 
1 2 4412 9400 
1 4 9340 9375 9386 9400 
1 5 3022 9134 9109 4594 2046 
1 4 2046 8965 9000 3957 
1 5 9279 3257 9273 517 9258 
1 4 4112 8318 5121 8262 
1 4 8958 4793 1283 8934 
1 2 9011 1283 
1 2 4452 631 
1 3 8531 8483 8433 
1 6 1646 811 8642 8590 8631 759 
1 2 4956 1646 
1 3 8049 4620 5010 
1 5 4467 1503 3746 4456 3108 
1 4 7072 1278 7138 4948 
1 4 4948 7173 7156 7147 
1 3 7349 509 673 
