
state={
	id=204
	name="STATE_204"
	provinces={
		183 412 590 598 725 1043 1061 1182 1330 1629 1700 1838 2042 2163 2269 2315 2331 2476 2483 2511 2519 2550 2760 2775 2809 2858 3037 3247 3300 3349 3506 3659 3718 3904 4071 4128 4140 4186 4190 4211 4437 4548 4798 4879 4933 5064 5135 5985 5990 5992 5998 6024 6028 6031 6040 6041 6049 6056 6057 6061 6086 6087 6093 6104 6108 6120 6126 6134 6135 6158 6165 6170 6195 6227 6269 6495 
	}
	manpower=1
	buildings_max_level_factor=1.000
	state_category=town
	local_supplies=0.000
}
