
state={
	id=209
	name="STATE_209"
	provinces={
		30 198 247 351 540 597 645 758 920 1023 1074 1096 1185 1450 1462 1500 1639 1826 2108 2126 2170 2219 2266 2431 2595 2757 2783 2986 3512 3661 3946 4080 4082 4365 4424 5058 5105 5951 5957 5969 5971 5984 5989 5999 6013 6027 6505 6532 6533 6543 6553 6564 6586 6594 6600 6618 6621 6628 6630 6632 6647 6662 6677 6678 6685 6688 6691 6693 6699 6709 6710 6744 6804 
	}
	manpower=1
	buildings_max_level_factor=1.000
	state_category=town
	local_supplies=0.000
}
