
state={
	id=251
	name="STATE_251"

	 history = {
        owner = BOM
		add_core_of = BOM

	}
	provinces={
		705 882 971 1056 1353 1499 1697 1704 1863 1949 2329 2334 2408 2693 2836 2956 2958 2967 3077 3103 3441 3489 3587 3822 3943 4005 4144 4149 4194 4209 4244 4262 4303 4738 4747 5046 5143 6581 6609 6629 6654 6697 6707 6720 6734 6743 6747 6749 6750 6761 6772 6773 6783 6786 6787 6806 6813 6814 6815 6823 6828 6830 6841 6849 6855 6861 6873 6874 6875 6883 6900 6923 
	}
	manpower=1
	buildings_max_level_factor=1.000
	state_category=town
	local_supplies=0.000
}
