
state={
	id=269
	name="STATE_269"
			   
	 history = {
        owner = BOM
		add_core_of = BOM

	}
	provinces={
		62 175 184 546 770 1195 1343 1427 1547 1610 1612 1657 1886 1913 1947 2199 2326 2398 2538 2551 2564 2718 3035 3046 3118 3344 3348 3535 3653 3780 3902 3952 4251 4274 4280 4323 4560 4628 4713 4804 4928 5025 5098 5122 6701 6705 6706 6718 6724 6732 6733 6736 6739 6746 6760 6768 6776 6778 6832 6840 6842 6845 6860 6864 6878 6884 6892 6898 6913 6914 6921 6930 6931 6983 
	}
	manpower=1
	buildings_max_level_factor=1.000
	state_category=town
	local_supplies=0.000
}
