
state={
	id=28
	name="STATE_28"
	provinces={
		111 241 305 356 432 470 498 529 552 566 586 621 722 727 777 794 801 831 942 1167 1297 1311 1319 1383 1424 1439 1617 1618 1630 1683 1848 1914 1930 2026 2031 2060 2068 2101 2152 2713 2730 3058 3123 3142 3178 3207 3433 3523 3527 3536 3568 3655 3707 3851 3852 3892 3911 3917 3942 4002 4004 4014 4040 4101 4109 4172 4227 4242 4349 4376 4491 4494 4496 4499 4513
		4612 4618 4627 4692 4700 4783 4790 4827 4984 5738 5748 5751 5753 5757 5763 5764 5770 5775 5776 5786 5787 5792 5797 5800 5801 5809 5815 5817 5820 5822 5831 5834 5837 5838 5839 5840 5841 5853 5855 5856 5858 5865 5871 5873 5874 5877 5878 5881 5882 5892 5895 5897 5903 5906 5907 5915 5920 5925 5926 5930 5937 5943 5952 5961 5972 5973 6000 6001 6025 6066 
	}
	manpower=1
	buildings_max_level_factor=1.000
	state_category=town
	local_supplies=0.000
}
