
state={
	id=287
	name="STATE_287"
	provinces={
		90 102 103 444 471 493 548 686 848 924 957 978 980 1026 1039 1170 1418 1451 1773 1809 1895 2021 2048 2286 2401 2510 2638 2669 2679 2685 3093 3152 3387 3460 3504 3821 4418 4776 4832 4845 5061 5088 5107 6777 6879 6890 6895 6928 6941 6980 7016 7027 7040 7044 7048 7054 7081 7098 7106 7113 7114 7123 7124 7134 7139 7153 7157 7162 7165 7170 7180 7185 7189 7198 7204 7219 7221 7225 7227 7242 7248 7251 
	}
	manpower=1
	buildings_max_level_factor=1.000
	state_category=town
	local_supplies=0.000
}
