state={
	id=314
	name="STATE_314"
	provinces={
		58 84 278 301 303 333 437 515 525 547 691 1093 1101 1144 1156 1255 1263 1413 1477 1689 1714 1767 1792 1820 1828 1869 1899 1923 1952 2077 2195 2252 2265 2363 2421 2785 2887 2907 2957 2984 3202 3357 3474 3500 3586 3595 3722 3729 4042 4135 4177 4347 4371 4381 4518 4525 4661 7580 7619 7621 7675 7700 7729 7760 7810 7832 7850 7860 7874 7881 7912 7927 7928 7932 7933 7946 7975 7982 7993 8009 8026 8033 8034 8051 8052 8053 8078 8079 8097 8098 8099 8118 8136 8139 8143 8144 8177 8178 8189 8204 8240 8254 8260 8298 8323 8350 8369 
	}
	buildings_max_level_factor=1.000
        manpower=1
        state_category = town
}
