state={
	id=342
	name="STATE_342"
	provinces={
		210 266 310 450 647 785 963 1011 1288 1409 1686 1756 1798 1856 1938 2171 2306 2520 2781 2928 3065 3155 3163 3180 3436 3545 3656 3824 3907 3990 3991 4074 4123 4277 4297 4462 4468 4471 4527 4775 4792 4884 4890 4968 5106 7244 7263 7360 7417 7438 7456 7503 7509 7519 7520 7528 7537 7546 7551 7552 7564 7571 7576 7578 7586 7599 7606 7615 7622 7628 7629 7641 7655 7656 
	}
	buildings_max_level_factor=1.000
        manpower=1
        state_category = town
}
