
state={
	id=365
	name="STATE_365"
	provinces={
		76 808 853 1118 1466 1589 1675 1751 1779 1825 2078 2232 2290 2388 2460 2645 2830 2831 3020 3036 3107 3111 3221 3268 3299 3467 3491 3557 3607 3700 3870 3875 3922 3970 4022 4096 4213 4256 4353 4364 4367 4374 4405 4426 4430 4458 4620 4833 4905 5010 5102 5114 7855 7863 7887 7897 7909 7935 7936 7937 7949 7973 7978 7979 7990 7991 7995 8012 8017 8021 8035 8036 8037 8044 8049 8063 8066 8067 8080 8083 8084 8090 8095 8103 8111 8128 8129 8148 8158 8163 8164 8170 8171 8185 8188 8192 8193 8207 8208 8214 8219 8237 8238 8243 8251 8256 8257 8269 8292 8296 8315 8327 8336 8442 
	}
	manpower=1
	buildings_max_level_factor=1.000
	state_category=town
	local_supplies=0.000
}
