state={
	id=370
	name="STATE_370"
	provinces={
		93 252 400 410 495 518 961 1078 1086 1154 1284 1291 1305 1332 1340 1430 1432 1680 1699 1851 1967 2212 2257 2437 2464 2488 2497 2773 2878 3119 3162 3194 3232 3246 3442 3760 3783 3927 3962 3971 4224 4291 4313 4316 4483 4498 4631 4767 4791 4882 4986 8019 8059 8060 8089 8093 8115 8137 8153 8179 8191 8222 8223 8246 8273 8287 8294 8346 8392 8421 8434 8441 8457 8464 8495 8504 8525 8569 8666 8719 8784 8785 8791 8810 8811 8839 8844 
	}
	buildings_max_level_factor=1.000
        manpower=1
        state_category = town
}
