
state={
	id=371
	name="STATE_371"
	provinces={
		127 506 668 703 754 806 1289 1465 1476 1507 1742 1777 1778 1827 2011 2081 2089 2110 2159 2184 2288 2308 2320 2339 2446 2457 2509 2828 3110 3330 3370 3631 3650 3802 3944 3950 3977 3979 4038 4049 4103 4148 4265 4587 4602 4645 4693 4715 4922 4945 5038 5124 7721 7741 7749 7750 7764 7788 7833 7847 7854 7861 7867 7891 7901 7905 7906 7907 7915 7924 7940 7947 7948 7955 7956 7962 7968 7989 7994 8005 8006 8014 8015 8030 8043 8072 8073 8108 8110 8122 8142 8162 8168 8199 8213 8230 8249 8280 8305 8317 8348 
	}
	manpower=1
	buildings_max_level_factor=1.000
	state_category=town
	local_supplies=0.000
}
