
state={
	id=379
	name="STATE_379"
	provinces={
		186 771 878 883 1200 1396 1408 1421 1619 1626 1882 1944 1973 2169 2276 2347 2606 2677 2681 2946 2954 2988 3069 3116 3248 3361 3804 4018 4027 4302 4342 4390 4429 4586 4718 5021 5022 5127 8027 8045 8070 8088 8106 8113 8114 8119 8130 8146 8161 8165 8173 8174 8210 8216 8242 8272 8286 8300 8324 8325 8339 8360 8366 8409 8426 8452 8472 8475 8493 8494 8512 8535 8537 8538 8545 8551 8564 8568 8596 8597 8613 8620 8643 8670 8711 8712 8760 
	}
	manpower=1
	buildings_max_level_factor=1.000
	state_category=town
	local_supplies=0.000
}
