state={
	id=380
	name="STATE_380"
	provinces={
		91 92 94 319 324 448 761 782 786 826 955 975 1270 1506 1772 1787 1940 1990 2100 2420 2554 2898 2923 3045 3055 3085 3086 3308 3352 3366 3558 3785 4120 4343 4397 4545 4558 4733 4763 4810 4883 7976 8101 8121 8127 8147 8169 8187 8217 8218 8265 8268 8291 8295 8334 8372 8377 8399 8412 8416 8417 8429 8462 8476 8498 8510 8530 8548 8571 8587 8607 8622 8644 8680 8700 8729 8741 8749 8781 8792 
	}
	buildings_max_level_factor=1.000
        manpower=1
        state_category = town
}
