state={
	id=397
	name="STATE_397"
	provinces={
		280 285 572 915 1122 1571 2079 2337 2346 2734 2738 2820 2897 3083 3117 3182 3242 3253 3367 3379 3531 3727 3788 3830 4100 4143 4145 4188 4192 4263 4447 4448 4459 4537 4610 4990 5126 8424 8435 8474 8497 8505 8513 8526 8547 8558 8577 8598 8601 8621 8649 8653 8667 8685 8705 8713 8726 8740 8747 8773 8787 8798 8822 8823 8840 8873 8895 8931 8945 8949 8954 8989 8990 8995 9017 9021 9058 9092 
	}
	buildings_max_level_factor=1.000
        manpower=1
        state_category = town
}
