
state={
	id=422
	name="Santelia"
		resources={
		steel=12
	}

	history={
		owner = UPG
			victory_points = {
			    1717  5
		}
		buildings = {
			infrastructure = 2
			industrial_complex = 2
			arms_factory = 1

          }
		add_core_of = UPG
	}
	provinces={
		149 206 346 576 718 946 1333 1711 1717 1768 1910 2046 2061 2114 2138 2176 2185 2259 2458 2587 2598 2612 2647 3022 3102 3791 4008 4217 4266 4345 4594 4898 4902 4977 5047 8965 8972 9000 9009 9026 9035 9036 9048 9066 9067 9071 9083 9097 9109 9118 9125 9133 9134 9141 9143 9145 9154 9156 9157 9169 9176 9181 9182 9183 9184 9188 9195 9198 9209 9212 9215 9232 9236 9237 9248 9253 9260 9261 9274 9280 9281 9286 9294 9303 9307 9317 9326 
	}
	manpower=1792875
	buildings_max_level_factor=1.000
	state_category=city
	local_supplies=0.000
}
