
state={
	id=457
	name="STATE_457"
	provinces={
		34 65 83 179 308 343 372 416 441 459 555 585 699 708 819 944 1105 1178 1181 1259 1290 1326 1331 1347 1352 1546 1599 1603 1616 1621 1654 1686 1709 1915 1994 2105 2129 2139 2167 2287 2390 2451 2586 2767 2860 2876 3833 3849 3961 4377 4565 4578 4678 5033 5848 5962 6722 6798 6904 6924 6926 6932 6934 6942 6977 6982 7018 7083 7105 7211 7212 7228 7244 7255 7348 
	}
	manpower=1
	buildings_max_level_factor=1.000
	state_category=wasteland
	local_supplies=0.000
	impassable = yes
}
